,day,edges,num_infected,num_new_infections,num_new_removed,0-49 deaths,0-49 cases,50-59 deaths,50-59 cases,60-69 deaths,60-69 cases,70-79 deaths,70-79 cases,80-89 deaths,80-89 cases,90+ deaths,90+ cases,perc_above_left
0,0,49975,1,1,0,0.0,0,0.0,0,0.0,0,0.0,0,0.0,0,0.0,1,1.0
1,1,49975,2,1,0,0.0,1,0.0,0,0.0,0,0.0,0,0.0,0,5.980515755238171e-05,0,1.0
2,2,49975,3,1,0,3.689368322745215e-08,1,0.0,0,0.0,0,0.0,0,0.0,0,0.00019928415511708523,0,1.0
3,3,49975,4,1,0,1.598316837619458e-07,1,0.0,0,0.0,0,0.0,0,0.0,0,0.00045731235100768096,0,1.0
4,4,49975,5,1,0,4.419467672194405e-07,1,0.0,0,0.0,0,0.0,0,0.0,0,0.0008433880901456665,0,1.0
5,5,49975,6,1,0,9.622312093829227e-07,0,0.0,0,0.0,1,0.0,0,0.0,0,0.0013477577535215065,0,1.0
6,6,49975,7,1,0,1.7567666145616551e-06,0,0.0,0,1.6602161199973789e-06,0,0.0,0,0.0,1,0.0019466539696467314,0,1.0
7,7,49970,12,6,1,2.834715591821748e-06,4,0.0,1,5.532211272843088e-06,0,0.0,1,2.6563549907341742e-05,0,0.002608197287365052,0,1.0
8,8,49942,40,29,1,4.309166981333678e-06,22,9.961295800113708e-07,3,1.269518162128168e-05,3,7.083594120723146e-06,1,8.851568688801671e-05,0,0.0032976244203634796,0,1.0
9,9,49918,62,24,2,6.979018812138871e-06,13,6.307715197218528e-06,4,2.8393453542341755e-05,1,3.0687713352484064e-05,5,0.00020312360934082241,0,0.003981316838265309,1,1.0
10,10,49901,77,18,3,1.1612957389166653e-05,13,2.1559605960969927e-05,2,5.567116736237146e-05,1,0.00011318823893538985,2,0.0003746061801479168,0,0.004689349756072587,0,1.0
11,11,49739,233,161,5,1.9320794569722946e-05,118,5.2168571609058046e-05,17,9.931789845592157e-05,14,0.0002862486442802016,7,0.0005986311517918501,5,0.005417344194802398,0,0.991304347826087
12,12,49617,335,112,10,3.4956451032146793e-05,75,0.00011863292266990303,15,0.00018411347876778328,11,0.0006271533949848215,6,0.0009974595629078122,5,0.006186078312139306,0,0.991304347826087
13,13,49145,748,430,17,6.286499063321602e-05,272,0.00024256515512906498,52,0.00033560770365226355,50,0.0012057413185099738,36,0.0017338745100380828,16,0.006993088332426689,4,0.9739130434782609
14,14,48234,1483,769,34,0.00011637553816060143,479,0.0004896838336996456,115,0.0006550675900478036,70,0.002313256518446788,62,0.0033479132227940047,35,0.008061536999122168,8,0.9304347826086956
15,15,47390,2023,607,67,0.00021815948043660402,404,0.0010000744809058161,82,0.0012974382291547465,52,0.004484825019310167,49,0.007002998566460674,16,0.00992417243592995,4,0.9043478260869565
16,16,45812,2940,1026,109,0.0003942212217180389,687,0.001921547025699263,128,0.0024356167917956497,93,0.008345268379686663,74,0.013695526796139685,39,0.013105403006952189,5,0.8608695652173913
17,17,43610,4001,1230,169,0.0006846837675434846,815,0.0034767143159727737,158,0.004324044571628522,107,0.014797790453817511,98,0.02518931587041895,45,0.0183036804999104,7,0.8173913043478261
18,18,41019,4927,1173,247,0.001134463243441813,768,0.005907914905071308,171,0.007228343621724016,97,0.024886656352123192,93,0.043246900449701794,33,0.026203789007866525,11,0.7913043478260869
19,19,37970,5655,1066,338,0.0017889780384640855,727,0.009471940008041921,115,0.011403507086031143,111,0.0396420972209734,70,0.0694090747380497,34,0.03764160568828419,9,0.7739130434782608
20,20,37970,5656,1,0,0.0026884830845285037,1,0.014354120174769974,0,0.0170960763971576,0,0.05986870437378682,0,0.10499176167447266,0,0.053322808459264494,0,0.7739130434782608
21,21,37970,5657,1,0,0.0038355927890137455,1,0.02056427169968541,0,0.024306559644930784,0,0.08559675366880529,0,0.14983285862013068,0,0.07337471252939283,0,0.7739130434782608
22,22,37970,5658,1,0,0.005210008826626849,0,0.027972292886540292,1,0.03291005335700352,0,0.11629448528360423,0,0.2029273962494694,0,0.09752270429061702,0,0.7739130434782608
23,23,37970,5659,1,0,0.006759785796407286,1,0.03628942534756091,0,0.042585042734541216,0,0.15076384361065354,0,0.2621761013477243,0,0.1248956568983436,0,0.7739130434782608
24,24,37970,5660,1,0,0.008415666922269973,1,0.045139759691103974,0,0.0529031619664897,0,0.18744647012325194,0,0.32490728255480306,0,0.15428558909123918,0,0.7739130434782608
25,25,37970,5661,1,0,0.010101719882976957,0,0.05411750378856534,0,0.06339481222855033,0,0.22465729538023219,1,0.3882643077191658,0,0.18434183554067393,0,0.7739130434782608
26,26,37970,5662,1,0,0.011744119467710623,1,0.06283178781433432,0,0.07360347674850978,0,0.26078113511315065,0,0.4495179861104365,0,0.21373426022092498,0,0.7739130434782608
27,27,37970,5663,1,0,0.013277461623815672,0,0.07093883187300126,0,0.08312451435525263,1,0.294393972626388,0,0.5062842515433585,0,0.2412715482442572,0,0.7739130434782608
28,28,37970,5664,1,0,0.01464847334441514,1,0.0781609908720543,0,0.09163034748043064,0,0.32434890906437575,0,0.556651567026923,0,0.26597448268507806,0,0.7739130434782608
29,29,37970,5665,1,0,0.015817799513910928,1,0.08429492831804535,0,0.09887828895553484,0,0.34980419770153715,0,0.5992332829800153,0,0.2871106585114931,0,0.7739130434782608
30,30,37970,5666,1,0,0.01676006353954336,1,0.08921155488144465,0,0.1047128847758353,0,0.37022402291179374,0,0.6331635029420182,0,0.30419942936936895,0,0.7739130434782608
31,31,37970,5667,1,0,0.01746289244713229,1,0.09285029754412208,0,0.10905840137674884,0,0.38535519977964433,0,0.6580543425872106,0,0.3169959406985918,0,0.7739130434782608
32,32,37970,5668,1,0,0.017925223979751354,1,0.0952099126480983,0,0.11190868621007921,0,0.3951896496663668,0,0.6739299181144963,0,0.3254620366698433,0,0.7739130434782608
33,33,37970,5669,1,0,0.01815527390910127,0,0.0963376025454643,1,0.11331474430918173,0,0.39991979606471745,0,0.6811491984771099,0,0.3297303240359267,0,0.7739130434782608
34,34,37970,5670,1,0,0.01816837579584942,1,0.09631873739067667,0,0.11337175524964807,0,0.39989222982817624,0,0.6803266806730123,0,0.33006611806407316,0,0.7739130434782608
35,35,37970,5671,1,0,0.0179850045334329,1,0.09526442946214413,0,0.1122065853807603,0,0.39556336457446817,0,0.6722570365379473,0,0.32683058266456233,0,0.7739130434782608
36,36,37970,5672,1,0,0.01762889877516023,1,0.09330282747726992,0,0.1099664750199035,0,0.38745944280346384,0,0.6578475676714578,0,0.32044719437984104,0,0.7739130434782608
37,37,37970,5673,1,0,0.017125507398633912,0,0.09057000679906742,1,0.1068092810077802,0,0.3761421848634646,0,0.6380605105648135,0,0.311372728474469,0,0.7739130434782608
38,38,37970,5674,1,0,0.016500644613235336,0,0.08720432831154831,1,0.10289542983828386,0,0.3621805787284466,0,0.6138659137451798,0,0.30007327009113427,0,0.7739130434782608
39,39,37970,5675,1,0,0.01577948900824894,1,0.08334053301272096,0,0.09838157685047903,0,0.346128751443277,0,0.5862048923519769,0,0.28700526266643905,0,0.7739130434782608
40,40,37970,5676,1,0,0.014985842922317711,0,0.07910520524436042,0,0.0934158613932097,0,0.3285094993232506,0,0.5559624749419938,0,0.2726012821844885,1,0.7739130434782608
41,41,37970,5677,1,0,0.014141554715381687,1,0.0746142950686999,0,0.08813458486097477,0,0.30980284056797386,0,0.5239489177868955,0,0.25731983774485573,0,0.7739130434782608
42,42,37970,5678,1,0,0.013266267513777902,1,0.06997084188087277,0,0.08266010744002293,0,0.2904388523507772,0,0.4908882076237022,0,0.24153924587595757,0,0.7739130434782608
43,43,37970,5679,1,0,0.012377200046402316,1,0.06526441895776088,0,0.07709975121475239,0,0.2707940321838616,0,0.45741244980170376,0,0.2256131829990545,0,0.7739130434782608
44,44,37970,5680,1,0,0.011489125760338935,0,0.060571160665775496,1,0.07154550457097535,0,0.25119045425246467,0,0.4240609011312484,0,0.20982129753928816,0,0.7739130434782608
45,45,37970,5681,1,0,0.010614377691844645,1,0.055955281232988686,0,0.06607433981385114,0,0.23189705516318682,0,0.3912825216936621,0,0.19438015997818256,0,0.7739130434782608
46,46,37970,5682,1,0,0.009763027672983446,1,0.05146826338078923,0,0.06074897824511489,0,0.21313246500583993,0,0.35944106235684253,0,0.17945066375555285,0,0.7739130434782608
47,47,37970,5683,1,0,0.008943017584414984,1,0.04715089130220873,0,0.05561896147142719,0,0.19506888790437696,0,0.32882185689665766,0,0.16514700828110193,0,0.7739130434782608
48,48,37970,5684,1,0,0.008160388674077451,0,0.04303360287922832,0,0.050721912270777804,0,0.1778366238765689,1,0.29963963731751797,0,0.15154558078754687,0,0.7739130434782608
49,49,37970,5685,1,0,0.007419454773032476,1,0.03913785339008913,0,0.04608489151375264,0,0.1615359896303082,0,0.2720468304777955,0,0.13869293303127042,0,0.7739130434782608
50,50,37970,5686,1,0,0.006723081946785596,1,0.03547738385833576,0,0.04172577858168738,0,0.1462304052712022,0,0.24614191903343402,0,0.1266125520114897,0,0.7739130434782608
51,51,37970,5687,1,0,0.006072865797237637,1,0.0320594505094987,0,0.03765462102403967,0,0.13195815211820466,0,0.22197755797037033,0,0.11531039782890634,0,0.7739130434782608
52,52,37970,5688,1,0,0.005469364794124527,1,0.02888596880667114,0,0.03387491472722802,0,0.1187311608679634,0,0.19956822920641237,0,0.1047793178329913,0,0.7739130434782608
53,53,37970,5689,1,0,0.00491228321814386,1,0.025954548185295453,0,0.03038478869877098,0,0.1065403841428401,0,0.17889729159488815,0,0.09500250157014464,0,0.7739130434782608
54,54,37970,5690,1,0,0.004400640161366094,0,0.023259408014395702,1,0.02717807889963444,0,0.09536019227098716,0,0.15992334350719284,0,0.0859561514314857,0,0.7739130434782608
55,55,37970,5691,1,0,0.003932882832507952,1,0.020793170458363562,0,0.024245283649336893,0,0.0851524255102905,0,0.1425858617143752,0,0.0776115311797924,0,0.7739130434782608
56,56,37970,5692,1,0,0.0035070798631144594,0,0.018545881671694207,0,0.02157439927804488,0,0.07586994145500532,1,0.12681011536974035,0,0.06993653174127588,0,0.7739130434782608
57,57,37970,5693,1,0,0.0031209620409270353,1,0.01650657001523893,0,0.019151639206754507,0,0.06746669149866269,0,0.11251137934368784,0,0.06289686821072739,0,0.7739130434782608
58,58,37970,5694,1,0,0.002772110806562252,1,0.014662920281855635,0,0.016962042786107214,0,0.059888358621677525,0,0.09959848870090715,0,0.05645699788297634,0,0.7739130434782608
59,59,37970,5695,1,0,0.002457997050102954,0,0.013001836478791183,0,0.014989982277622528,0,0.05308129559037331,1,0.08797678729951343,0,0.0505808281201201,0,0.7739130434782608
60,60,37970,5696,1,0,0.0021760378569200406,0,0.01150984755364353,1,0.013219577549674724,0,0.04699540045395863,0,0.07755052970464557,0,0.045232265590327454,0,0.7739130434782608
61,61,37970,5697,1,0,0.0019236653372813005,1,0.010174454537445463,0,0.01163502858428345,0,0.04157465524440963,0,0.06822479802283898,0,0.04037564479182389,0,0.7739130434782608
62,62,37970,5698,1,0,0.0016983879534867318,0,0.008982752499242849,0,0.010220875918418205,1,0.03676557398743609,0,0.05990699486587907,0,0.03597606339425149,0,0.7739130434782608
63,63,37970,5699,1,0,0.0014977736026436828,1,0.007922627555933518,0,0.00896385903052668,0,0.03251276635479615,0,0.05250797125533147,0,0.03199964425062811,0,0.7739130434782608
64,64,37970,5700,1,0,0.001319553857841155,1,0.006982104398241805,0,0.00785029259229002,0,0.02876115051022222,0,0.0459428445348885,0,0.028413738406642616,0,0.7739130434782608
65,65,37970,5701,1,0,0.001161591420051366,1,0.006149615572619487,0,0.006867803320955131,0,0.025457286315022327,0,0.040131556782239855,0,0.025187079558440635,0,0.7739130434782608
66,66,37970,5702,1,0,0.0010219116959620583,1,0.00541414631686094,0,0.006004050520219285,0,0.022550511692449475,0,0.03499921920234243,0,0.022289897758361092,0,0.7739130434782608
67,67,37970,5703,1,0,0.0008986944618913677,0,0.0047653566498169625,1,0.0052470408110375346,0,0.0199937690040865,0,0.03047628283786998,0,0.019693998394159234,0,0.7739130434782608
68,68,37970,5704,1,0,0.0007902296742851055,0,0.004194662783074483,1,0.0045852831620459425,0,0.017744109527538684,0,0.026498570866969585,0,0.017372811301371898,0,0.7739130434782608
69,69,37970,5705,1,0,0.0006949333893961896,1,0.0036946185837807323,0,0.004007943489462718,0,0.0157629137736497,0,0.02300720292445486,0,0.015301414107777609,0,0.7739130434782608
70,70,37970,5706,1,0,0.0006113640928720201,1,0.0032582483102742603,0,0.0035049661501707044,0,0.014015885103327927,0,0.01994843737930279,0,0.013456533405863298,0,0.7739130434782608
71,71,37970,5707,1,0,0.0005382077693259707,0,0.0028792071569069483,0,0.0030671514634293792,1,0.012472877178848638,0,0.01727345338762006,0,0.01181652700045808,0,0.7739130434782608
72,72,37970,5708,1,0,0.00047425676767975076,0,0.002551108277123656,0,0.0026878502337775376,1,0.011107610322581887,0,0.014938090844259528,0,0.010361350214711438,0,0.7739130434782608
73,73,37970,5709,1,0,0.00041841765847978624,1,0.0022677292082627543,0,0.002361852490812354,0,0.009897322705212463,0,0.012902563083437733,0,0.009072509014063966,0,0.7739130434782608
74,74,37970,5710,1,0,0.0003697226690510041,0,0.002023139833335038,0,0.002084223698667795,1,0.008822392230274534,0,0.011131154318426649,0,0.007933002498585789,0,0.7739130434782608
75,75,37970,5711,1,0,0.00032727288232387394,1,0.0018118265110665644,0,0.0018522066718233761,0,0.007865955515891627,0,0.00959191134086278,0,0.006927257105344024,0,0.7739130434782608
76,76,37970,5712,1,0,0.0002903113787631151,1,0.0016287846750960653,0,0.001661326417443537,0,0.007013542201107684,0,0.008256336892738183,0,0.006041054648911817,0,0.7739130434782608
77,77,37970,5713,1,0,0.00025816713051208607,0,0.0014695720742183957,0,0.001507382048846591,0,0.006252736158503366,0,0.007099090345965569,0,0.005261456109456486,1,0.7739130434782608
78,78,37970,5714,1,0,0.0002302324822461242,0,0.0013303250255439147,0,0.001385340099048985,0,0.005572870050567858,0,0.006097699841215493,1,0.004636528014196638,0,0.7739130434782608
79,79,37970,5715,1,0,0.00020596751355708126,1,0.0012077445766228857,0,0.001289853308143218,0,0.004964755865346964,0,0.005258852365054013,0,0.004175520932912803,0,0.7739130434782608
80,80,37970,5716,1,0,0.0001849102659619948,0,0.0010990607821234856,0,0.0012155956166058374,1,0.00442045139347113,0,0.0045738345369617265,0,0.003907732915559545,0,0.7739130434782608
81,81,37970,5717,1,0,0.00016662041504860272,1,0.001001982907379969,0,0.001159212137313809,0,0.003933060841047345,0,0.004044473590705782,0,0.0038340472978227102,0,0.7739130434782608
82,82,37970,5718,1,0,0.000150754073006542,0,0.0009146421862010871,0,0.0011167598270071378,1,0.003496566703911007,0,0.00366142514688889,0,0.003936981311311429,0,0.7739130434782608
83,83,37970,5719,1,0,0.0001369732423694026,1,0.0008355323138992811,0,0.001087128931358354,0,0.0031056894784101605,0,0.0034084666839565066,0,0.004185850602869606,0,0.7739130434782608
84,84,37970,5720,1,0,0.00012502465948726306,1,0.000763451439330664,0,0.0010679817935062273,0,0.00275577160316099,0,0.0032646380513347627,0,0.004542600483837813,0,0.7739130434782608
85,85,37970,5721,1,0,0.00011468634866239311,1,0.00069744817508737,0,0.0010576632003660776,0,0.00244268209626419,0,0.003206693661828579,0,0.004966967399023866,0,0.7739130434782608
86,86,37970,5722,1,0,0.00010578579860134776,1,0.0006367731280615239,0,0.0010539548290080033,0,0.0021627385817078572,0,0.003211271737079435,0,0.005420444645497865,0,0.7739130434782608
87,87,37970,5723,1,0,9.818402337057664e-05,1,0.0005808366685823681,0,0.0010544468302033734,0,0.0019126437187946725,0,0.0032565459232264038,0,0.005868967383952232,0,0.7739130434782608
88,88,37970,5724,1,0,9.176510168402227e-05,1,0.0005291730842754626,0,0.001056742041256452,0,0.0016894334101720428,0,0.0033233204487066043,0,0.006284451621700918,0,0.7739130434782608
89,89,37970,5725,1,0,8.642764267745451e-05,0,0.00048141087227144283,1,0.0010586417756635093,0,0.0014904345333690903,0,0.0033956275558363605,0,0.00664541177633195,0,0.7739130434782608
90,90,37970,5726,1,0,8.20417120227312e-05,1,0.0004382448046385122,0,0.0010582804029402905,0,0.0013132302952819138,0,0.0034609259104678666,0,0.006936898696813408,0,0.7739130434782608
91,91,37970,5727,1,0,7.850638640909992e-05,0,0.0003997555540594961,0,0.0010542021734982938,1,0.0011556316352363664,0,0.003510006409789417,0,0.007149979732265547,0,0.7739130434782608
92,92,37970,5728,1,0,7.56743276821054e-05,1,0.00036637673521082475,0,0.0010470468256753452,0,0.0010156533928851524,0,0.003536702855259437,0,0.007280945681890395,0,0.7739130434782608
93,93,37970,5729,1,0,7.344233151916816e-05,0,0.00033807791768309417,0,0.0010367661622365334,1,0.0008914942095759055,0,0.0035374886962604817,0,0.007330388387272336,0,0.7739130434782608
94,94,37970,5730,1,0,7.167190016931098e-05,1,0.00031452515846474763,0,0.0010258784745567227,0,0.0007815193462716193,0,0.0035110228755053357,0,0.007302253884459764,0,0.7739130434782608
95,95,37970,5731,1,0,7.027800161478552e-05,1,0.00029516253103846046,0,0.0010152981337073518,0,0.0006842457798527144,0,0.0034576906235428235,0,0.00720294251653556,0,0.7739130434782608
96,96,37970,5732,1,0,6.918368828530784e-05,1,0.0002793065793487823,0,0.001006187364080182,0,0.000598329086026719,0,0.003379170231256039,0,0.007040500274097557,0,0.7739130434782608
97,97,37970,5733,1,0,6.834440770665035e-05,0,0.00026623098524182,1,0.0009986925258885968,0,0.000522551734984334,0,0.0032780448437833313,0,0.0068239247927514915,0,0.7739130434782608
98,98,37970,5734,1,0,6.769957428513364e-05,1,0.00025622844348679834,0,0.0009923273261376936,0,0.00045581251936994505,0,0.003157469126553334,0,0.0065625942227360195,0,0.7739130434782608
99,99,37970,5735,1,0,6.72266269436602e-05,1,0.0002489944438700503,0,0.000986208838278735,0,0.0003971169069500445,0,0.0030208939556317965,0,0.006265816685684109,0,0.7739130434782608
100,100,37970,5736,1,0,6.689803660983301e-05,0,0.00024463550566196406,1,0.00097928726962134,0,0.0003455681661348422,0,0.0028718476755296976,0,0.005942491296061004,0,0.7739130434782608
101,101,37970,5737,1,0,6.666920306858499e-05,1,0.0002438707917133193,0,0.0009705304258989777,0,0.0003003591544455117,0,0.0027137695253935993,0,0.005600867865749818,0,0.7739130434782608
102,102,37970,5738,1,0,6.653035982672092e-05,1,0.00024653960755354365,0,0.000959051702898577,0,0.0002607646909094225,0,0.002549889166315363,0,0.005248390662915194,0,0.7739130434782608
103,103,37970,5739,1,0,6.646508034020588e-05,1,0.00025266298505380243,0,0.0009441847177197094,0,0.00022613445558074586,0,0.0023831455079224672,0,0.00489161132801487,0,0.7739130434782608
104,104,37970,5740,1,0,6.64757472077489e-05,1,0.0002617240487971251,0,0.0009255140147372425,0,0.00019588637492072808,0,0.0022161379506483872,0,0.00453615675896916,0,0.7739130434782608
105,105,37970,5741,1,0,6.657417296739188e-05,1,0.00027290944364507776,0,0.0009028731101603392,0,0.0001695004622593579,0,0.0020511035085263637,0,0.004186739080132582,0,0.7739130434782608
106,106,37970,5742,1,0,6.67765081117852e-05,0,0.0002852488457130209,0,0.000876320598315378,1,0.00014651308931968844,0,0.001889913885754618,0,0.003847196422325041,0,0.7739130434782608
107,107,37970,5743,1,0,6.706192919409443e-05,1,0.00029774476230878393,0,0.0008477636245201697,0,0.00012651166885867165,0,0.0017340873229886187,0,0.0035205549623394967,0,0.7739130434782608
108,108,37970,5744,1,0,6.743098406068504e-05,1,0.00030947333021282973,0,0.0008181465228744662,0,0.00010912973069036026,0,0.0015848108171791467,0,0.003209104363620544,0,0.7739130434782608
109,109,37970,5745,1,0,6.786733610480022e-05,0,0.00031965148389006653,1,0.0007890440195514008,0,9.404237432255282e-05,0,0.0014429690914365837,0,0.002914480338547319,0,0.7739130434782608
110,110,37970,5746,1,0,6.832993734908034e-05,1,0.000328669382443972,0,0.0007612778714262877,0,8.09620816358955e-05,0,0.0013091774106842007,0,0.0026377494674244533,0,0.7739130434782608
111,111,37970,5747,1,0,6.880837903122438e-05,0,0.00033644042484539814,0,0.0007351626908345996,0,6.963487280064928e-05,1,0.0011838159830190676,0,0.002379492636975194,0,0.7739130434782608
112,112,37970,5748,1,0,6.924704669834954e-05,1,0.0003433760847146804,0,0.0007106221001163746,0,6.692038232228984e-05,0,0.0010670642457641084,0,0.002139884497433338,0,0.7739130434782608
113,113,37970,5749,1,0,6.963383758878925e-05,1,0.00034956103709724246,0,0.0006873295629986286,0,7.497479793462731e-05,0,0.0009589338075020523,0,0.0019187671899566349,0,0.7739130434782608
114,114,37970,5750,1,0,6.995545551335759e-05,0,0.00035489599091834384,0,0.0006648365310312336,0,9.822943532442691e-05,1,0.0008592992064914485,0,0.0017157172801230793,0,0.7739130434782608
115,115,37970,5751,1,0,7.018578579708503e-05,1,0.00035915633467329316,0,0.0006426727254830747,0,0.00014474090128955164,0,0.000767925958716756,0,0.0015301053677851928,0,0.7739130434782608
116,116,37970,5752,1,0,7.033689929041423e-05,1,0.0003620619577083407,0,0.0006204154471001607,0,0.00021557410559581077,0,0.0006844956140429841,0,0.0013611482490846294,0,0.7739130434782608
117,117,37970,5753,1,0,7.041616309412619e-05,0,0.000363337921294336,1,0.0005977308399238493,0,0.00031240203476812315,0,0.0006086277257853837,0,0.0012079538033970662,0,0.7739130434782608
118,118,37970,5754,1,0,7.041340117811397e-05,1,0.0003637544997975718,0,0.0005743925422035743,0,0.0004324720493715088,0,0.0005398987767100732,0,0.001069558985615353,0,0.7739130434782608
119,119,37970,5755,1,0,7.035184076668937e-05,0,0.0003634921498548818,0,0.0005502836943952132,0,0.0005704226583433082,1,0.00047785820168192887,0,0.0009449614399305279,0,0.7739130434782608
120,120,37970,5756,1,0,7.020885583403827e-05,0,0.00036313431752030517,1,0.000525387795827124,0,0.0007264631596628441,0,0.000422041711757499,0,0.0008331453304846508,0,0.7739130434782608
121,121,37970,5757,1,0,6.996542658345457e-05,1,0.00036385702915287216,0,0.0004997729784843158,0,0.0008955824140967454,0,0.00037198216335141635,0,0.0007331020201176521,0,0.7739130434782608
122,122,37970,5758,1,0,6.962153782960803e-05,1,0.000365927562792178,0,0.0004735732256952223,0,0.0010753371256824495,0,0.000327218235182516,0,0.0006438462319833364,0,0.7739130434782608
123,123,37970,5759,1,0,6.9184418206467e-05,1,0.0003697600557508313,0,0.00044696908021965614,0,0.0012606762685110342,0,0.0002873011799410836,0,0.0005644283091666507,0,0.7739130434782608
124,124,37970,5760,1,0,6.868776244782582e-05,0,0.00037519233568626014,0,0.00042016954225464155,0,0.0014454625423017322,0,0.00025179991119555654,1,0.0004939431519540545,0,0.7739130434782608
125,125,37970,5761,1,0,6.814235782891264e-05,0,0.0003817258240594918,0,0.00039339618036940963,1,0.0016232241905649654,0,0.00024686822214268947,0,0.0004315363668791829,0,0.7739130434782608
126,126,37970,5762,1,0,6.755223466753e-05,1,0.000388665118410162,0,0.000368530180240465,0,0.001787843089549791,0,0.0002809452018740754,0,0.0003764081105993958,0,0.7739130434782608
127,127,37970,5763,1,0,6.693252389782888e-05,1,0.0003952490772878431,0,0.0003463331689058361,0,0.001934066457932495,0,0.00037093740519875725,0,0.00032781505842458805,0,0.7739130434782608
128,128,37970,5764,1,0,6.629765881804265e-05,1,0.00040075378072711404,0,0.0003280759458552851,0,0.0020578185609548506,0,0.0005207290530862946,0,0.00028507087441119244,0,0.7739130434782608
129,129,37970,5765,1,0,6.568180075981139e-05,1,0.00040456245120369075,0,0.0003141902631612748,0,0.0021563327138260963,0,0.0007256793182589968,0,0.0002475455090920265,0,0.7739130434782608
130,130,37970,5766,1,0,6.512800797724814e-05,0,0.0004062048576029981,0,0.0003045469727401692,1,0.002228141840535481,0,0.0009749485361543033,0,0.00021466360329338452,0,0.7739130434782608
131,131,37970,5767,1,0,6.46445166665904e-05,1,0.0004053719228021046,0,0.00030026049151584506,0,0.002272969438664735,0,0.0012541187276086637,0,0.00018590223282197396,0,0.7739130434782608
132,132,37970,5768,1,0,6.426041961632525e-05,1,0.00040191207500716127,0,0.0003010839882199026,0,0.0022915590828939763,0,0.0015475147303610336,0,0.00016078818942359192,0,0.7739130434782608
133,133,37970,5769,1,0,6.398519316929212e-05,1,0.0003958154614445812,0,0.00030719207401894285,0,0.002285473745707912,0,0.0018399922909462783,0,0.00013889495846032692,0,0.7739130434782608
134,134,37970,5770,1,0,6.38362446327809e-05,1,0.00038719116146478897,0,0.0003179514884387674,0,0.002256888597873889,0,0.0021181553846426615,0,0.00011983952311862519,0,0.7739130434782608
135,135,37970,5771,1,0,6.383191760311711e-05,1,0.000376241387286229,0,0.00033228082181557345,0,0.0022083938294231633,0,0.00237106261336691,0,0.00010327909846008844,0,0.7739130434782608
136,136,37970,5772,1,0,6.398868525776054e-05,1,0.00036323555680792935,0,0.00034884290932903176,0,0.002142817980920251,0,0.0025905224970727806,0,8.89078759668557e-05,0,0.7739130434782608
137,137,37970,5773,1,0,6.431872237973862e-05,0,0.00034848616601104205,0,0.00036623004094874043,1,0.0020630774744536816,0,0.002771085160982994,0,7.64538400799337e-05,0,0.7739130434782608
138,138,37970,5774,1,0,6.479145016651334e-05,0,0.0003323276149211801,1,0.0003847716778713215,0,0.001972054445253005,0,0.002909828923138223,0,6.567570222374265e-05,0,0.7739130434782608
139,139,37970,5775,1,0,6.535753495506673e-05,1,0.00031609468028962487,0,0.00040386682610838153,0,0.0018725024516007451,0,0.0030060239697380178,0,5.635998459634259e-05,0,0.7739130434782608
140,140,37970,5776,1,0,6.597419881852335e-05,0,0.00030044719180635424,0,0.0004236780167515276,1,0.0017669779950177573,0,0.0030607370687645366,0,4.831827523117966e-05,0,0.7739130434782608
141,141,37970,5777,1,0,6.656251945754464e-05,1,0.0002863413048285645,0,0.0004454702083744162,0,0.0016577948235920392,0,0.0030764240225060516,0,4.138466716800202e-05,0,0.7739130434782608
142,142,37970,5778,1,0,6.709361871808832e-05,0,0.00027421628314283565,0,0.00046911810803194594,0,0.0015469975446497331,0,0.003056541673648617,1,3.5413387714599387e-05,0,0.7739130434782608
143,143,37970,5779,1,0,6.750714813843558e-05,1,0.0002641585631698287,0,0.0004948649635307499,0,0.0014363509902511422,0,0.003031762777033386,0,3.0276618445165735e-05,0,0.7739130434782608
144,144,37970,5780,1,0,6.779703188696147e-05,1,0.00025598670345424894,0,0.0005221097072841573,0,0.0013273419397990182,0,0.0030153750788906608,0,2.5862502524771142e-05,0,0.7739130434782608
145,145,37970,5781,1,0,6.796314660534257e-05,0,0.0002493492078975272,0,0.0005497948093834193,1,0.0012211901146402075,0,0.0030292166961256245,0,2.2073332957918276e-05,0,0.7739130434782608
146,146,37970,5782,1,0,6.799634118112065e-05,1,0.00024381252800701887,0,0.0005782848088950102,0,0.0011188657497629107,0,0.003081992963714308,0,1.88239132281497e-05,0,0.7739130434782608
147,147,37970,5783,1,0,6.792673106515472e-05,1,0.0002389300990025799,0,0.0006068008202977246,0,0.0010211114671648015,0,0.0031736297208683675,0,1.6040080373164554e-05,0,0.7739130434782608
148,148,37970,5784,1,0,6.777884383179399e-05,1,0.0002342906661507956,0,0.0006352136473074995,0,0.000928466589710749,0,0.0032974990948336207,0,1.3657379678104853e-05,0,0.7739130434782608
149,149,37970,5785,1,0,6.759440353707575e-05,1,0.0002295478731254369,0,0.0006628034441517878,0,0.0008412924212087993,0,0.003442976626194652,0,1.161987974688954e-05,0,0.7739130434782608
150,150,37970,5786,1,0,6.742105645056845e-05,1,0.00022443463662850577,0,0.0006885942215689398,0,0.0007597973652073303,0,0.0035977293844986487,0,9.879116632845993e-06,0,0.7739130434782608
151,151,37970,5787,1,0,6.730612492497594e-05,0,0.00021876616879913319,1,0.0007115130486443718,0,0.0006840610556095453,0,0.0037494951039731238,0,8.39315589234106e-06,0,0.7739130434782608
152,152,37970,5788,1,0,6.725475978952987e-05,1,0.00021343134422248137,0,0.0007305389730381248,0,0.0006140569252670793,0,0.0038873088735581736,0,7.125761791763605e-06,0,0.7739130434782608
153,153,37970,5789,1,0,6.728822353780609e-05,0,0.0002087218230337891,0,0.0007448146791220067,1,0.0005496728460516751,0,0.004002232222080521,0,6.04566340286088e-06,0,0.7739130434782608
154,154,37970,5790,1,0,6.736901323478891e-05,1,0.000205301813024553,0,0.0007553749193787218,0,0.0004907296392094632,0,0.004087680176104281,0,5.125907918170845e-06,0,0.7739130434782608
155,155,37970,5791,1,0,6.749194393173645e-05,1,0.0002033894313010287,0,0.0007624065294881074,0,0.00043699738281756476,0,0.0041394503120169455,0,4.343292160870832e-06,0,0.7739130434782608
156,156,37970,5792,1,0,6.764221015211572e-05,1,0.00020291304146469888,0,0.0007668826244510033,0,0.00038820953905482404,0,0.004155549531261251,0,3.6778639440941973e-06,0,0.7739130434782608
157,157,37970,5793,1,0,6.782329128169061e-05,0,0.00020358737374609625,0,0.0007691956415537778,0,0.0003440749928911008,1,0.004135898601838084,0,3.1124856100271054e-06,0,0.7739130434782608
158,158,37970,5794,1,0,6.801178928613555e-05,1,0.0002050022786547068,0,0.0007694013560570912,0,0.00031137173467796463,0,0.004081976819488244,0,2.6324527485808383e-06,0,0.7739130434782608
159,159,37970,5795,1,0,6.821422586365658e-05,0,0.00020670200382431406,0,0.0007673209131440362,1,0.0002921413144206675,0,0.00399645235364436,0,2.2251617431783014e-06,0,0.7739130434782608
160,160,37970,5796,1,0,6.838932996197374e-05,1,0.0002082462160619674,0,0.0007643203915855543,0,0.000290677041300603,0,0.003882829336567742,0,1.8798204017189514e-06,0,0.7739130434782608
161,161,37970,5797,1,0,6.853600901361472e-05,1,0.00020925122827657216,0,0.000760645105330726,0,0.0003077984923730875,0,0.003745131005563755,0,1.5871965157565264e-06,0,0.7739130434782608
162,162,37970,5798,1,0,6.864856675174997e-05,0,0.00020941348738730964,0,0.0007571305394232932,1,0.0003420548326906503,0,0.0035876291873764227,0,1.3393997253228311e-06,0,0.7739130434782608
163,163,37970,5799,1,0,6.870537395879778e-05,1,0.00020851884903549063,0,0.0007555643711663571,0,0.00039034826274548617,0,0.003414623832501557,0,1.129692566603786e-06,0,0.7739130434782608
164,164,37970,5800,1,0,6.872034975181283e-05,1,0.00020644144791633434,0,0.0007562180709946411,0,0.0004486351592449495,0,0.0032302717702624934,0,9.523270370462625e-07,0,0.7739130434782608
165,165,37970,5801,1,0,6.870061078050536e-05,1,0.000203135645517965,0,0.0007596285109397474,0,0.0005125467109960763,0,0.003038460949412936,0,8.024034289936782e-07,0,0.7739130434782608
166,166,37970,5802,1,0,6.867105307313846e-05,1,0.00019862394503824862,0,0.0007654052638320115,0,0.000577866855074501,0,0.0028427247689960787,0,6.757485592627603e-07,0,0.7739130434782608
167,167,37970,5803,1,0,6.866424467145068e-05,0,0.00019298310416976557,1,0.000772635578972786,0,0.0006408575510245833,0,0.0026461903567459553,0,5.688108658680037e-07,0,0.7739130434782608
168,168,37970,5804,1,0,6.867793793501331e-05,1,0.00018732618567250637,0,0.0007801168642144067,0,0.0006984474409947364,0,0.002451554542448479,0,4.785701442418856e-07,0,0.7739130434782608
169,169,37970,5805,1,0,6.873190648333577e-05,1,0.0001821280433069888,0,0.000786571569187515,0,0.0007483105898080357,0,0.002261081583633004,0,4.0245997196470453e-07,0,0.7739130434782608
170,170,37970,5806,1,0,6.882831805766144e-05,1,0.00017819543781153708,0,0.0007908132406259899,0,0.0007888640380058621,0,0.0020766172643862596,0,3.3830111440751255e-07,0,0.7739130434782608
171,171,37970,5807,1,0,6.897976002108855e-05,1,0.0001758513520295742,0,0.000791856671185152,0,0.0008192104915212462,0,0.0018996146823533839,0,2.842444178902938e-07,0,0.7739130434782608
172,172,37970,5808,1,0,6.92023907478226e-05,1,0.00017509579383886251,0,0.0007889771306814394,0,0.0008390481114050588,0,0.0017311677773237894,0,2.3872189234950765e-07,0,0.7739130434782608
173,173,37970,5809,1,0,6.951302025984886e-05,1,0.00017568708497305087,0,0.0007817287270542655,0,0.0008485644957521028,0,0.001572049378597791,0,2.0040484796681016e-07,0,0.7739130434782608
174,174,37970,5810,1,0,6.992639202049572e-05,1,0.00017723591383823824,0,0.0007699330975532732,0,0.0008483273388986924,0,0.0014227512206740154,0,1.6816810631557707e-07,0,0.7739130434782608
175,175,37970,5811,1,0,7.045322750662668e-05,1,0.00017928966133604301,0,0.0007536487697085662,0,0.000839180277173344,0,0.0012835239767526037,0,1.410594316420643e-07,0,0.7739130434782608
176,176,37970,5812,1,0,7.109915076865332e-05,1,0.00018139798981783606,0,0.0007331297838326382,0,0.0008221492111596628,0,0.001154415877763239,0,1.1827344617343765e-07,0,0.7739130434782608
177,177,37970,5813,1,0,7.18643944972913e-05,0,0.00018315803381066832,1,0.0007087801798291965,0,0.0007983619211203479,0,0.0010353089196393978,0,9.912939038399934e-08,0,0.7739130434782608
178,178,37970,5814,1,0,7.270721009967796e-05,1,0.0001852373362891857,0,0.0006811090663685135,0,0.0007689819855127371,0,0.0009259520170726912,0,8.30521761117907e-08,0,0.7739130434782608
179,179,37970,5815,1,0,7.360610139681628e-05,1,0.0001877244874901382,0,0.0006506893723227186,0,0.0007351567645641863,0,0.0008259907449062017,0,6.955626133165394e-08,0,0.7739130434782608
180,180,37970,5816,1,0,7.452438830189494e-05,1,0.00019111186509223463,0,0.0006181220832484786,0,0.0006979784089779966,0,0.0007349935270878281,0,5.823193515842466e-08,0,0.7739130434782608
181,181,37970,5817,1,0,7.544106068983685e-05,0,0.00019548326678570685,1,0.000584006784301249,0,0.0006584563932654165,0,0.0006524742968223383,0,4.8733662249371075e-08,0,0.7739130434782608
182,182,37970,5818,1,0,7.630862141967218e-05,1,0.00020166772687588348,0,0.0005489186298415777,0,0.0006174998631123171,0,0.0005779117691828567,0,4.0770184456515236e-08,0,0.7739130434782608
183,183,37970,5819,1,0,7.711227602100507e-05,0,0.00020965230944687647,0,0.0005133913916680528,0,0.0005759080516271699,0,0.0005107655473454157,1,3.4096122067721305e-08,0,0.7739130434782608
184,184,37970,5820,1,0,7.77937950270354e-05,1,0.0002196485512709439,0,0.0004779059531321479,0,0.0005343671008373223,0,0.00047705288330423715,0,2.8504851727382716e-08,0,0.7739130434782608
185,185,37970,5821,1,0,7.834027593614318e-05,0,0.00023136067433698323,1,0.00044288347004639263,0,0.0004934517769005522,0,0.00048505722783487814,0,2.382247075585537e-08,0,0.7739130434782608
186,186,37970,5822,1,0,7.870261429078098e-05,1,0.000245205838879418,0,0.0004086823723713714,0,0.00045363075657529623,0,0.0005515172245963542,0,1.990268602183099e-08,0,0.7739130434782608
187,187,37970,5823,1,0,7.888227428132822e-05,0,0.00026077587989156633,1,0.00037559840136989033,0,0.00041527436465685255,0,0.0006801425421143967,0,1.6622488035922735e-08,0,0.7739130434782608
188,188,37970,5824,1,0,7.884735416091637e-05,1,0.0002789320208735115,0,0.00034386694035133723,0,0.00037866384115949265,0,0.0008661157235275153,0,1.3878493555794062e-08,0,0.7739130434782608
189,189,37970,5825,1,0,7.861718041764152e-05,0,0.00029942966563109086,0,0.00031366698452147865,0,0.00034400140271483677,1,0.001098422021511251,0,1.1583853004895459e-08,0,0.7739130434782608
190,190,37970,5826,1,0,7.817668865363736e-05,1,0.0003221311328921321,0,0.0002851261932022558,0,0.00031850412320405975,0,0.001362472728772627,0,9.66563824552201e-09,0,0.7739130434782608
191,191,37970,5827,1,0,7.755987968263586e-05,0,0.00034632171723025025,1,0.0002583265663746392,0,0.000304600169332483,0,0.0016424284187417952,0,8.062637620923512e-09,0,0.7739130434782608
192,192,37970,5828,1,0,7.676355852336122e-05,1,0.00037198494500569615,0,0.00023331038097519283,0,0.0003069198793663886,0,0.0019229885567983774,0,6.7234952954368755e-09,0,0.7739130434782608
193,193,37970,5829,1,0,7.583055026226612e-05,1,0.0003983111503139756,0,0.000210086106972061,0,0.0003265738592065997,0,0.00219060984847583,0,5.605142377789047e-09,0,0.7739130434782608
194,194,37970,5830,1,0,7.480038942481224e-05,1,0.0004248291573034057,0,0.00018863409708888746,0,0.0003623602917771936,0,0.0024342132627706353,0,4.671473503640187e-09,0,0.7739130434782608
195,195,37970,5831,1,0,7.373126192792854e-05,1,0.00045071131421891403,0,0.00016891190654721503,0,0.0004113925406632208,0,0.002645479623797701,0,3.892234053433593e-09,0,0.7739130434782608
196,196,37970,5832,1,0,7.268743114526167e-05,1,0.00047501120417060193,0,0.00015085915061150882,0,0.00046980443876122645,0,0.00281884134057635,0,3.2420809500074967e-09,0,0.7739130434782608
197,197,37970,5833,1,0,7.173176147058516e-05,1,0.0004967830700083177,0,0.0001344018488511229,0,0.0005333749375661538,0,0.0029512688373048205,0,2.699793676038138e-09,0,0.7739130434782608
198,198,37970,5834,1,0,7.091982802889175e-05,0,0.0005151834457179791,1,0.0001194562369686041,0,0.0005980098357385565,0,0.0030419339206187385,0,2.2476106936374132e-09,0,0.7739130434782608
199,199,37970,5835,1,0,7.025919197815808e-05,1,0.0005305373556377549,0,0.00010593205101682058,0,0.0006600705695434499,0,0.003091814075326754,0,1.8706702637637694e-09,0,0.7739130434782608
200,200,37970,5836,1,0,6.976905223455231e-05,1,0.0005427143703377854,0,9.373530608860616e-05,0,0.0007165660822655575,0,0.0031032844231451404,0,1.5565424017569228e-09,0,0.7739130434782608
201,201,37970,5837,1,0,6.944359533290582e-05,1,0.0005521198671690518,0,8.277060329429893e-05,0,0.0007652344542555128,0,0.0030797291867006972,0,1.2948335941973376e-09,0,0.7739130434782608
202,202,37970,5838,1,0,6.928271043211513e-05,1,0.0005588776782996788,0,7.294300614554254e-05,0,0.0008045430279126548,0,0.0030251924431766346,0,1.0768568803789994e-09,0,0.7739130434782608
203,203,37970,5839,1,0,6.92873527047924e-05,1,0.0005629733543088095,0,6.415953128896011e-05,0,0.0008336333622035953,0,0.002944078689378592,0,8.953540167091902e-10,0,0.7739130434782608
204,204,37970,5840,1,0,6.945831598525158e-05,1,0.0005643082399742285,0,5.633029972049172e-05,0,0.0008522329976330166,0,0.0028409069751594213,0,7.44262291330064e-10,0,0.7739130434782608
205,205,37970,5841,1,0,6.979472213468522e-05,1,0.0005627616613270357,0,4.9369393852556445e-05,0,0.0008605511454085834,0,0.002720117690828456,0,6.185195460843907e-10,0,0.7739130434782608
206,206,37970,5842,1,0,7.029286012598889e-05,0,0.0005582424946871753,1,4.3195463676706164e-05,0,0.0008591708096799703,0,0.0025859280940680918,0,5.138997571578903e-10,0,0.7739130434782608
207,207,37970,5843,1,0,7.090868085043383e-05,0,0.0005517198429025555,1,3.77321222298831e-05,0,0.0008489458767630901,0,0.0024422309403946667,0,4.2687694278690807e-10,0,0.7739130434782608
208,208,37970,5844,1,0,7.158235316807574e-05,1,0.000544575340755322,0,3.290816698982949e-05,0,0.0008309084857172119,0,0.002292529797847582,0,3.545095513983395e-10,0,0.7739130434782608
209,209,37970,5845,1,0,7.226376928844906e-05,1,0.0005379269378099934,0,2.8657659983083294e-05,0,0.0008061895204039427,0,0.002139904500516311,0,2.9434410639499e-10,0,0.7739130434782608
